400011
400025
400053
400525
400535
400832
400845
401227
401551
401835
402032
402326
402577
403159
404451
404535
404600
405435
405651
405802
405823
406049
406138
406585
406984
407083
408154
408243
408691
408723
408810
408991
410335
410519
410541
410618
410749
410770
411325
412973
413469
415332
415443
415848
415877
416717
416754
416781
417024
417036
417070
417344
417398
417536
417563
417622
418553
418555
418558
418570
418799
419202
420073
420092
420243
420304
420405
421241
421255
421286
421495
421528
421917
422818
423136
423150
423160
423162
423361
423490
423666
423697
423780
424157
424178
424250
424311
424324
424339
424775
424782
424799
424800
424802
424804
424807
424816
425352
425381
425742
425932
425937
425982
426030
426204
426888
426971
427023
427514
427632
427710
428069
428345
429088
429125
429520
429950
430299
430465
431196
431199
431390
431912
432163
432236
432612
432754
432843
432932
433022
433024
433174
433441
433905
434027
434637
434865
434928
434989
435159
435600
436959
437303
437374
437582
437751
437773
437961
438385
438499
438501
438863
440040
440267
441231
441384
441632
441633
441649
441766
441776
442529
442594
443253
443262
443559
444163
444195
444202
444223
444239
444437
444600
444675
444780
445064
445073
445533
445751
445772
445780
445791
445882
446308
447091
447183
447225
447528
448231
448247
448277
448298
448965
449091
449155
449535
449718
449762
450138
450160
450548
450612
450838
450856
450873
450878
451691
