400011
400025
400053
400489
400525
400535
400840
400845
401227
401441
401525
401551
401555
401603
401646
401835
402032
402339
402340
402421
402756
403159
404123
404451
404535
405435
405650
405651
405802
405823
405878
406049
406138
406169
406585
406984
407083
408154
408243
408652
408691
408723
408810
408991
409293
410335
410519
410541
410618
410749
412973
413165
413204
413276
413469
413797
413871
415332
415443
415644
415692
415848
415877
416754
416781
417344
417563
417912
417932
418039
418063
418555
418799
419202
419206
420038
420099
420356
420405
420664
421495
421528
422625
422818
423136
423361
423490
423666
423697
423718
423780
424061
424250
424324
424550
424775
424782
424800
424816
425329
425352
425381
425932
425937
425982
426013
426030
426204
426888
426971
427023
427514
427559
427632
427688
427710
427801
427862
428030
428069
428345
429088
429520
429950
430299
430652
430791
431196
431199
431390
431875
431912
432163
432612
432843
432932
433022
433173
433174
433441
433692
433768
433905
434027
434241
434637
434842
435600
435642
436959
437303
437751
437961
438306
438385
438413
438435
438499
438501
439835
441384
441632
441633
442048
442529
442594
443089
443262
443559
443768
444223
444239
444600
444675
445062
445064
445073
445533
445574
445772
445780
445791
445882
446876
447091
447183
447225
448150
448231
448277
448298
448334
448564
448938
448950
448965
449091
449155
449172
449718
449762
450160
450353
450612
450838
450878
451691
