400011
400025
400053
400525
400845
401227
401525
401551
401603
401646
401835
402032
402340
403159
404451
404535
405435
405651
405802
405823
406138
406585
406984
407083
408154
408243
408652
408691
408723
408810
408991
409293
410541
410618
410749
413165
413276
413469
413797
415332
415443
415644
415692
415848
415877
416781
417344
417563
417912
417932
418555
418799
419202
419206
420356
420405
422818
423136
423361
423490
423666
423697
423780
424250
424775
424782
424800
424816
425329
425381
425932
425937
425982
426013
426030
426204
426888
426971
427514
427559
427632
427688
427801
427862
428069
428345
429088
429520
429950
430299
430652
430791
431196
431199
431390
431912
432163
432612
432843
432932
433022
433173
433174
433692
433768
434027
434241
434637
435600
436959
437303
437751
437961
438306
438385
438413
438435
438499
438501
441384
441633
441766
442048
442529
442594
443559
443768
444223
444239
444600
444675
445064
445073
445533
445574
445780
445791
445882
446876
447183
447225
448150
448231
448277
448298
448564
448938
448950
448965
449091
449155
449718
449762
450160
450353
450612
450838
450878
451691
