400011
400025
400053
400489
400519
400525
400535
400832
400840
400845
400851
400927
401227
401441
401525
401551
401555
401603
401638
401646
401835
401845
402032
402326
402339
402340
402421
402756
402931
403159
404123
404451
404535
404600
404793
405435
405650
405651
405802
405823
405878
406049
406138
406163
406169
406214
406585
406984
407083
408154
408203
408243
408652
408691
408723
408765
408810
408885
408888
408991
409293
410335
410519
410541
410618
410749
411325
411948
412806
412973
413165
413204
413276
413469
413797
413871
414310
414514
414527
415332
415443
415644
415692
415848
415877
416754
416781
416806
416833
416854
417210
417344
417536
417563
417622
417912
417932
418039
418048
418063
418084
418088
418109
418217
418555
418799
419202
419206
419637
420038
420073
420099
420243
420356
420405
420664
421018
421287
421495
421528
421559
422625
422673
422818
423136
423306
423361
423490
423666
423697
423718
423780
424061
424157
424250
424311
424324
424550
424589
424775
424782
424793
424799
424800
424816
424877
425023
425329
425352
425381
425742
425762
425816
425932
425937
425982
426013
426030
426204
426888
426936
426971
427023
427514
427559
427632
427688
427710
427801
427839
427862
427991
428030
428069
428095
428345
428656
429088
429520
429699
429950
430299
430378
430387
430465
430652
430791
430795
431196
431199
431252
431390
431691
431875
431912
431954
432163
432236
432612
432754
432843
432932
433022
433093
433173
433174
433441
433692
433754
433768
433905
434027
434241
434307
434637
434842
434989
435600
435642
436959
437265
437303
437374
437582
437751
437961
438306
438385
438413
438435
438499
438501
438996
439057
439115
439835
440040
440267
441057
441384
441632
441633
441649
441766
442048
442529
442594
443089
443215
443262
443559
443768
444195
444202
444223
444239
444437
444600
444675
445062
445064
445073
445425
445533
445562
445574
445772
445780
445791
445882
446308
446385
446876
446956
447091
447183
447225
447654
448150
448231
448247
448277
448296
448298
448334
448367
448564
448938
448950
448965
449091
449155
449172
449535
449621
449718
449762
450160
450353
450581
450612
450838
450846
450873
450878
451691
