400011
401525
401551
401603
401835
402340
404451
404535
405651
405802
405823
406138
406585
406984
407083
408154
408243
408723
408810
408991
410618
410749
413165
413276
413469
415332
415443
415644
415692
415848
417344
417563
418799
419202
422818
423136
423361
423490
423666
423697
423780
424250
424775
424800
425329
425932
426030
426204
426971
427514
427559
427632
428069
428345
429088
429520
429950
430299
431196
431199
431912
432612
432843
433022
433173
433174
434027
434637
436959
437303
437751
438385
438499
438501
441384
441633
442529
442594
443559
443768
444223
444239
444675
445064
445073
445533
445574
445780
445791
445882
446876
447183
448231
448277
448298
448950
448965
449091
449155
450612
450838
450878
451691
